 ,start,end,a,ad,ag,an,b,c,d,dg,e,f,g,h,i,j,k,l,m,n,ng,nr,ns,nt,nx,nz,o,p,q,r,s,t,tg,u,ud,ug,uj,ul,uv,uz,v,vd,vg,vn,w,x,y,z,unknown
start,-10.833,-10.833,-4.357,-5.68,-8.348,-7.942,-5.328,-2.931,-3.422,-8.636,-8.348,-5.51,-10.833,-9.223,-5.545,-4.289,-10.833,-4.737,-2.874,-2.095,-7.655,-2.738,-2.696,-4.113,-7.575,-5.257,-9.447,-2.268,-8.348,-2.0,-5.651,-2.669,-7.501,-8.435,-10.833,-10.833,-10.14,-10.833,-10.833,-10.833,-2.27,-9.223,-6.826,-4.744,-2.306,-10.833,-9.734,-6.755,-10.833
end,-3.892,-3.892,-3.892,-3.892,-3.892,-3.892,-3.892,-3.892,-3.892,-3.892,-3.892,-3.892,-3.892,-3.892,-3.892,-3.892,-3.892,-3.892,-3.892,-3.892,-3.892,-3.892,-3.892,-3.892,-3.892,-3.892,-3.892,-3.892,-3.892,-3.892,-3.892,-3.892,-3.892,-3.892,-3.892,-3.892,-3.892,-3.892,-3.892,-3.892,-3.892,-3.892,-3.892,-3.892,-3.892,-3.892,-3.892,-3.892,-3.892
a,-10.448,-5.289,-3.722,-8.251,-8.502,-5.596,-6.305,-4.335,-4.755,-9.35,-10.448,-6.006,-10.448,-10.448,-7.809,-6.054,-8.839,-5.612,-3.649,-1.142,-5.507,-6.459,-5.644,-9.35,-9.35,-8.05,-10.448,-4.755,-4.892,-5.894,-7.558,-6.62,-8.839,-5.418,-6.118,-8.839,-1.51,-5.324,-3.418,-7.74,-3.614,-9.062,-7.963,-2.723,-1.672,-10.448,-4.568,-6.922,-10.448
ad,-8.691,-8.691,-4.4,-5.107,-8.691,-8.691,-7.998,-7.998,-4.309,-8.691,-8.691,-7.305,-8.691,-8.691,-6.899,-7.592,-8.691,-5.695,-7.081,-7.305,-8.691,-8.691,-8.691,-8.691,-8.691,-8.691,-8.691,-3.862,-8.691,-6.899,-8.691,-7.998,-7.998,-8.691,-8.691,-8.691,-8.691,-8.691,-8.691,-8.691,-0.081,-6.899,-5.6,-7.592,-5.135,-8.691,-8.691,-8.691,-8.691
ag,-5.883,-3.937,-3.485,-5.883,-5.19,-5.883,-5.19,-3.485,-3.686,-5.883,-5.883,-4.785,-5.883,-5.883,-5.883,-5.883,-5.883,-5.19,-4.274,-1.894,-3.05,-4.785,-5.19,-5.883,-5.883,-5.883,-5.883,-4.785,-5.883,-4.785,-5.883,-5.883,-5.883,-5.883,-5.883,-5.883,-3.111,-5.883,-5.19,-5.883,-1.823,-5.883,-3.804,-5.19,-1.201,-5.883,-4.497,-5.883,-5.883
an,-7.968,-4.33,-5.57,-6.176,-7.968,-4.118,-7.968,-2.521,-3.223,-7.968,-7.968,-4.33,-7.968,-7.968,-5.889,-7.968,-7.968,-6.582,-5.403,-2.388,-6.022,-6.869,-6.869,-7.275,-7.968,-7.968,-7.968,-4.79,-7.275,-6.176,-7.968,-7.968,-7.275,-5.024,-7.968,-7.968,-2.951,-7.968,-6.869,-7.968,-2.403,-7.968,-7.968,-2.574,-0.741,-7.968,-5.889,-7.968,-7.968
b,-9.081,-7.694,-4.485,-8.387,-8.387,-4.953,-4.09,-5.319,-6.19,-9.081,-9.081,-4.711,-9.081,-9.081,-7.471,-5.11,-9.081,-5.209,-4.832,-0.454,-6.085,-7.694,-4.662,-6.778,-7.135,-6.247,-9.081,-6.19,-7.694,-5.785,-6.136,-7.001,-9.081,-6.516,-8.387,-9.081,-2.39,-9.081,-7.982,-9.081,-4.277,-9.081,-7.694,-2.393,-2.714,-9.081,-7.289,-7.694,-9.081
c,-10.147,-9.454,-3.242,-4.938,-8.201,-5.184,-4.467,-5.513,-2.829,-9.049,-10.147,-5.532,-10.147,-7.845,-5.287,-4.568,-10.147,-4.688,-3.676,-1.363,-6.746,-4.388,-3.144,-5.626,-7.375,-5.593,-9.454,-2.895,-7.749,-3.113,-5.164,-4.467,-8.068,-7.203,-10.147,-10.147,-9.049,-10.147,-10.147,-10.147,-1.418,-7.582,-6.341,-2.651,-2.766,-10.147,-10.147,-6.78,-10.147
d,-10.774,-8.982,-2.045,-4.619,-7.085,-9.675,-6.68,-6.231,-2.469,-7.884,-10.774,-6.924,-10.774,-10.774,-4.685,-7.941,-10.081,-5.087,-4.166,-5.044,-7.778,-7.683,-7.036,-9.165,-9.388,-9.675,-9.165,-2.61,-8.001,-5.08,-8.577,-6.456,-9.165,-7.34,-10.081,-10.774,-7.036,-9.165,-5.506,-10.774,-0.476,-7.248,-4.888,-7.219,-4.524,-10.774,-8.577,-6.631,-10.774
dg,-5.165,-5.165,-1.451,-5.165,-4.066,-5.165,-5.165,-5.165,-4.066,-5.165,-5.165,-5.165,-5.165,-5.165,-5.165,-5.165,-5.165,-4.472,-3.219,-4.066,-5.165,-5.165,-5.165,-5.165,-5.165,-5.165,-5.165,-3.778,-5.165,-4.472,-5.165,-3.373,-5.165,-5.165,-5.165,-5.165,-5.165,-5.165,-5.165,-5.165,-1.054,-5.165,-3.778,-5.165,-4.472,-5.165,-5.165,-5.165,-5.165
e,-4.317,-4.317,-4.317,-4.317,-4.317,-4.317,-4.317,-4.317,-4.317,-4.317,-3.624,-4.317,-4.317,-4.317,-4.317,-4.317,-4.317,-4.317,-4.317,-4.317,-4.317,-4.317,-4.317,-4.317,-4.317,-4.317,-4.317,-4.317,-4.317,-4.317,-4.317,-4.317,-4.317,-4.317,-4.317,-4.317,-4.317,-4.317,-3.624,-4.317,-3.624,-4.317,-4.317,-4.317,-1.139,-4.317,-4.317,-4.317,-4.317
f,-9.758,-6.462,-4.533,-4.782,-8.372,-7.119,-5.974,-4.86,-2.654,-8.66,-9.758,-5.389,-9.758,-9.758,-5.376,-6.262,-9.065,-5.352,-3.247,-2.623,-6.5,-6.539,-4.962,-7.561,-9.065,-7.812,-8.66,-3.73,-6.175,-4.44,-6.763,-6.925,-9.758,-5.554,-9.758,-9.758,-2.234,-8.66,-8.66,-9.065,-1.406,-7.193,-6.069,-4.617,-1.06,-9.758,-6.667,-6.763,-9.758
g,-3.892,-3.892,-3.892,-3.892,-3.892,-3.892,-3.892,-3.892,-3.892,-3.892,-3.892,-3.892,-3.892,-3.892,-3.892,-3.892,-3.892,-3.892,-3.892,-3.892,-3.892,-3.892,-3.892,-3.892,-3.892,-3.892,-3.892,-3.892,-3.892,-3.892,-3.892,-3.892,-3.892,-3.892,-3.892,-3.892,-3.892,-3.892,-3.892,-3.892,-3.892,-3.892,-3.892,-3.892,-3.892,-3.892,-3.892,-3.892,-3.892
h,-4.575,-4.575,-3.476,-4.575,-4.575,-4.575,-3.476,-4.575,-4.575,-4.575,-4.575,-4.575,-4.575,-4.575,-4.575,-2.629,-4.575,-3.882,-3.476,-1.279,-4.575,-4.575,-3.882,-3.882,-4.575,-3.882,-4.575,-4.575,-4.575,-4.575,-4.575,-4.575,-4.575,-4.575,-4.575,-4.575,-4.575,-4.575,-4.575,-4.575,-3.882,-4.575,-4.575,-2.783,-4.575,-4.575,-4.575,-4.575,-4.575
i,-8.527,-4.698,-6.224,-6.735,-7.834,-8.527,-7.428,-4.743,-4.278,-7.141,-8.527,-4.72,-8.527,-8.527,-5.583,-7.428,-7.428,-6.33,-5.819,-4.196,-6.581,-6.918,-6.33,-8.527,-8.527,-7.834,-8.527,-4.4,-6.735,-6.33,-7.428,-7.141,-7.834,-5.03,-7.834,-8.527,-1.657,-7.141,-2.762,-7.834,-2.823,-8.527,-6.448,-6.33,-0.556,-8.527,-5.061,-7.141,-8.527
j,-9.244,-5.948,-4.508,-5.483,-9.244,-7.452,-3.602,-3.971,-3.606,-9.244,-9.244,-3.743,-9.244,-9.244,-6.846,-2.115,-7.452,-5.81,-3.098,-1.174,-6.411,-6.536,-4.416,-7.298,-8.551,-6.248,-9.244,-3.727,-7.298,-4.825,-5.437,-4.995,-7.635,-4.619,-9.244,-9.244,-3.304,-8.551,-9.244,-9.244,-2.076,-6.846,-7.452,-3.0,-2.142,-9.244,-8.551,-8.145,-9.244
k,-6.915,-6.222,-3.583,-4.43,-6.222,-6.915,-4.969,-4.142,-1.891,-6.915,-6.915,-6.222,-6.915,-6.915,-3.824,-6.915,-6.915,-4.517,-5.123,-3.201,-6.222,-6.222,-6.222,-6.915,-6.222,-6.222,-6.915,-2.34,-6.915,-4.207,-4.517,-4.35,-6.915,-5.528,-6.915,-6.915,-2.437,-6.915,-6.915,-6.915,-1.162,-6.222,-6.222,-5.816,-2.111,-6.915,-5.816,-6.222,-6.915
l,-8.717,-4.979,-4.527,-5.539,-8.024,-6.519,-6.925,-3.629,-3.502,-8.717,-8.717,-4.152,-8.717,-8.717,-6.152,-5.944,-8.717,-5.459,-4.728,-2.31,-6.078,-5.944,-5.883,-8.024,-8.717,-8.024,-8.717,-4.102,-8.024,-4.91,-6.519,-6.078,-8.717,-4.59,-8.024,-8.024,-1.918,-7.33,-4.251,-8.024,-2.35,-7.107,-6.637,-3.546,-0.811,-8.717,-5.539,-8.717,-8.717
m,-10.623,-4.936,-3.497,-7.628,-8.058,-6.692,-5.654,-5.87,-4.83,-10.623,-10.623,-5.155,-10.623,-9.93,-6.513,-6.217,-9.237,-6.389,-2.767,-1.775,-4.978,-7.291,-5.216,-10.623,-8.677,-6.616,-9.93,-5.212,-0.628,-6.692,-7.404,-6.375,-7.984,-8.321,-10.623,-10.623,-4.401,-9.93,-7.79,-10.623,-3.052,-10.623,-7.256,-4.71,-2.603,-10.623,-8.058,-7.222,-10.623
n,-12.377,-4.996,-4.055,-5.172,-8.739,-6.292,-5.358,-3.333,-2.941,-8.821,-11.683,-3.403,-12.377,-11.278,-5.635,-5.316,-5.642,-5.582,-4.018,-1.708,-5.883,-3.757,-5.549,-7.658,-8.663,-7.271,-9.737,-3.618,-8.1,-5.061,-6.332,-5.148,-9.158,-4.701,-12.377,-11.683,-2.523,-11.278,-7.573,-10.99,-1.918,-7.393,-6.724,-2.933,-1.348,-12.377,-6.58,-6.839,-12.377
ng,-8.422,-4.51,-4.015,-5.783,-5.857,-8.422,-6.476,-4.263,-3.24,-7.323,-8.422,-4.053,-8.422,-8.422,-6.119,-5.426,-7.036,-5.649,-3.879,-2.134,-4.433,-5.649,-3.473,-4.433,-8.422,-6.024,-7.729,-3.432,-6.813,-4.896,-7.729,-3.991,-7.323,-4.838,-8.422,-8.422,-3.17,-8.422,-8.422,-8.422,-1.746,-7.729,-5.649,-4.733,-0.978,-8.422,-5.714,-6.63,-8.422
nr,-9.909,-3.179,-5.173,-5.704,-9.909,-9.909,-5.66,-3.786,-3.16,-9.216,-9.909,-6.245,-9.909,-9.909,-5.849,-7.511,-8.523,-6.08,-4.412,-2.12,-6.245,-3.848,-5.147,-7.606,-9.216,-8.3,-9.216,-2.841,-8.81,-5.081,-6.059,-3.481,-9.216,-3.845,-9.216,-9.909,-3.429,-9.909,-9.909,-9.909,-1.653,-7.83,-4.001,-6.245,-1.064,-9.909,-7.606,-7.201,-9.909
ns,-10.234,-5.877,-4.55,-5.599,-9.135,-6.866,-4.737,-4.009,-3.68,-10.234,-10.234,-4.127,-10.234,-9.541,-6.707,-3.895,-8.442,-5.299,-3.5,-0.985,-6.0,-5.609,-2.808,-5.422,-8.288,-3.843,-10.234,-3.866,-7.836,-4.7,-4.77,-2.874,-8.288,-4.379,-10.234,-10.234,-2.836,-10.234,-10.234,-10.234,-2.258,-8.154,-7.526,-3.922,-2.331,-10.234,-7.931,-8.154,-10.234
nt,-8.193,-6.583,-5.359,-5.795,-8.193,-5.995,-3.011,-3.916,-3.786,-8.193,-8.193,-4.825,-8.193,-8.193,-6.806,-3.587,-8.193,-5.89,-4.504,-1.291,-5.89,-5.995,-1.491,-4.582,-8.193,-8.193,-8.193,-3.169,-8.193,-5.015,-6.806,-4.261,-8.193,-5.197,-8.193,-8.193,-3.465,-8.193,-8.193,-8.193,-2.214,-8.193,-7.499,-3.849,-2.384,-8.193,-8.193,-8.193,-8.193
nx,-6.23,-6.23,-4.151,-5.537,-6.23,-6.23,-4.621,-4.844,-4.151,-6.23,-6.23,-4.621,-6.23,-6.23,-5.537,-6.23,-3.186,-6.23,-3.833,-1.089,-5.132,-5.537,-6.23,-6.23,-6.23,-5.132,-6.23,-4.285,-4.285,-5.537,-5.537,-6.23,-6.23,-4.621,-6.23,-6.23,-3.052,-6.23,-6.23,-6.23,-3.235,-6.23,-6.23,-3.397,-1.207,-6.23,-6.23,-6.23,-6.23
nz,-8.237,-6.157,-4.681,-6.445,-8.237,-7.544,-4.771,-4.523,-4.599,-8.237,-8.237,-4.904,-8.237,-7.544,-6.627,-4.869,-6.627,-5.839,-4.325,-0.68,-6.291,-6.85,-4.869,-6.039,-5.598,-5.192,-8.237,-4.979,-7.138,-5.464,-6.157,-5.934,-8.237,-4.681,-8.237,-8.237,-3.622,-8.237,-8.237,-8.237,-3.206,-7.544,-6.85,-3.893,-1.295,-8.237,-8.237,-7.138,-8.237
o,-4.779,-4.086,-3.681,-4.779,-4.779,-4.779,-4.779,-4.779,-3.681,-4.779,-4.086,-4.779,-4.779,-4.779,-4.779,-4.779,-4.779,-4.779,-3.17,-2.7,-4.779,-4.779,-4.779,-4.779,-4.779,-4.779,-3.393,-4.779,-4.779,-4.779,-4.779,-4.779,-4.779,-4.779,-4.779,-4.779,-2.381,-4.779,-2.7,-4.086,-2.071,-4.779,-4.779,-4.086,-1.889,-4.779,-4.779,-4.779,-4.779
p,-10.595,-8.986,-3.399,-5.402,-9.209,-6.834,-4.266,-8.293,-4.094,-9.902,-10.595,-4.582,-10.595,-9.497,-5.612,-3.651,-9.902,-4.872,-2.959,-1.22,-5.895,-3.866,-2.229,-3.993,-7.194,-5.216,-9.209,-4.469,-7.377,-2.258,-3.946,-2.677,-6.932,-7.762,-10.595,-10.595,-9.209,-8.293,-10.595,-9.902,-2.033,-8.198,-7.012,-3.829,-4.073,-10.595,-10.595,-6.644,-10.595
q,-10.098,-5.533,-2.938,-6.247,-8.018,-5.923,-4.142,-5.246,-3.686,-10.098,-10.098,-3.003,-10.098,-8.999,-5.463,-4.474,-10.098,-5.156,-3.546,-1.119,-5.78,-6.247,-4.736,-7.325,-7.459,-5.767,-10.098,-4.234,-7.007,-5.2,-6.003,-5.415,-7.9,-6.269,-10.098,-10.098,-3.074,-8.711,-6.802,-10.098,-2.414,-8.306,-6.92,-3.446,-1.419,-10.098,-6.247,-6.003,-10.098
r,-10.386,-7.208,-3.512,-5.108,-7.747,-6.625,-5.199,-4.637,-2.331,-9.288,-10.386,-5.216,-10.386,-9.0,-4.966,-5.542,-10.386,-5.073,-2.819,-1.578,-4.112,-7.342,-3.828,-9.0,-9.288,-7.091,-9.0,-2.969,-3.457,-4.115,-5.481,-4.881,-8.777,-5.389,-10.386,-10.386,-2.668,-9.693,-8.595,-9.693,-1.38,-7.821,-6.803,-3.737,-2.917,-10.386,-6.276,-6.243,-10.386
s,-8.273,-5.708,-3.996,-5.97,-8.273,-6.481,-4.807,-4.718,-2.866,-7.58,-7.58,-5.182,-8.273,-8.273,-5.182,-5.329,-8.273,-4.977,-3.243,-1.265,-5.565,-7.58,-5.138,-8.273,-7.58,-6.327,-6.664,-4.69,-6.664,-4.718,-5.329,-6.664,-7.174,-5.44,-8.273,-8.273,-2.2,-8.273,-8.273,-8.273,-1.649,-6.887,-7.174,-3.339,-1.818,-8.273,-6.481,-5.788,-8.273
t,-9.938,-5.427,-4.62,-5.353,-8.551,-8.551,-6.411,-5.284,-3.105,-9.938,-9.938,-3.027,-9.938,-9.938,-6.642,-5.313,-9.938,-6.046,-3.774,-1.953,-4.436,-5.62,-4.13,-7.104,-8.146,-6.68,-9.938,-2.696,-7.858,-4.217,-6.249,-1.509,-5.101,-5.495,-9.938,-9.938,-3.003,-9.938,-9.938,-9.938,-2.018,-8.551,-7.299,-4.544,-1.823,-9.938,-7.635,-7.635,-9.938
tg,-6.282,-4.203,-5.184,-5.184,-6.282,-6.282,-6.282,-5.184,-2.411,-6.282,-6.282,-4.491,-6.282,-6.282,-5.589,-5.589,-6.282,-4.491,-4.203,-2.95,-4.491,-5.184,-5.184,-6.282,-6.282,-5.589,-6.282,-2.498,-5.589,-5.589,-6.282,-3.449,-2.727,-4.336,-6.282,-6.282,-3.191,-6.282,-6.282,-6.282,-1.687,-6.282,-4.203,-4.896,-1.355,-6.282,-5.184,-5.589,-6.282
u,-8.564,-6.619,-3.208,-6.367,-6.367,-5.429,-4.504,-6.485,-3.744,-7.871,-8.564,-6.619,-8.564,-7.871,-6.08,-5.792,-8.564,-5.674,-2.603,-1.158,-2.51,-8.564,-5.269,-7.466,-8.564,-7.466,-8.564,-4.557,-5.925,-4.26,-5.792,-6.367,-5.13,-6.367,-8.564,-8.564,-4.087,-8.564,-6.08,-8.564,-1.581,-8.564,-5.306,-3.554,-2.077,-8.564,-8.564,-6.773,-8.564
ud,-6.565,-6.565,-1.575,-6.565,-6.565,-5.467,-5.872,-5.872,-1.247,-6.565,-6.565,-5.872,-6.565,-6.565,-2.471,-6.565,-6.565,-4.08,-4.167,-3.233,-6.565,-5.872,-5.467,-6.565,-6.565,-5.467,-5.179,-4.774,-5.872,-3.474,-5.179,-6.565,-6.565,-5.467,-6.565,-6.565,-6.565,-5.467,-6.565,-5.872,-1.874,-6.565,-5.872,-5.467,-5.179,-6.565,-4.956,-2.876,-6.565
ug,-6.211,-6.211,-2.777,-5.517,-6.211,-5.112,-4.601,-6.211,-4.601,-6.211,-6.211,-4.419,-6.211,-6.211,-6.211,-4.601,-6.211,-5.517,-1.745,-1.646,-4.824,-4.265,-3.32,-6.211,-6.211,-4.601,-6.211,-4.824,-6.211,-2.382,-6.211,-4.601,-6.211,-6.211,-6.211,-6.211,-2.497,-6.211,-6.211,-6.211,-3.438,-6.211,-6.211,-3.813,-1.962,-6.211,-5.517,-6.211,-6.211
uj,-10.906,-8.016,-2.679,-7.015,-8.509,-4.265,-3.862,-7.035,-4.469,-10.213,-10.906,-5.759,-10.906,-9.297,-5.438,-4.71,-10.906,-5.023,-2.904,-0.692,-7.056,-4.607,-3.806,-6.127,-7.078,-5.464,-9.52,-6.732,-7.351,-4.419,-5.477,-4.966,-8.709,-8.604,-10.906,-10.906,-10.906,-10.906,-10.906,-10.906,-3.762,-8.267,-8.134,-1.86,-2.891,-10.906,-7.771,-6.078,-10.906
ul,-10.76,-5.457,-3.849,-7.669,-8.969,-7.464,-5.567,-8.563,-4.902,-9.662,-10.76,-7.295,-10.76,-10.76,-6.512,-5.948,-10.76,-6.341,-3.188,-2.887,-6.976,-5.75,-4.556,-7.326,-8.458,-6.932,-10.76,-5.158,-6.666,-4.26,-6.354,-5.423,-9.374,-9.374,-10.76,-10.76,-7.765,-10.76,-10.76,-10.76,-4.093,-8.969,-8.969,-4.552,-0.242,-10.76,-8.814,-7.541,-10.76
uv,-7.682,-7.682,-4.638,-5.38,-7.682,-7.682,-7.682,-6.989,-4.281,-7.682,-7.682,-7.682,-7.682,-7.682,-5.285,-7.682,-7.682,-5.485,-5.737,-6.073,-7.682,-7.682,-7.682,-7.682,-7.682,-7.682,-6.989,-2.384,-7.682,-6.073,-7.682,-7.682,-7.682,-7.682,-7.682,-7.682,-7.682,-7.682,-7.682,-7.682,-0.185,-6.989,-6.073,-6.989,-4.687,-7.682,-7.682,-6.584,-7.682
uz,-7.446,-6.347,-2.512,-5.837,-6.347,-4.502,-4.401,-6.347,-3.685,-7.446,-7.446,-5.367,-7.446,-7.446,-4.502,-4.738,-7.446,-5.249,-2.396,-1.235,-6.347,-4.012,-3.403,-6.347,-6.753,-5.837,-6.753,-3.862,-4.881,-2.504,-4.673,-4.502,-6.06,-6.753,-7.446,-7.446,-4.227,-7.446,-7.446,-7.446,-2.168,-6.753,-7.446,-4.613,-2.383,-7.446,-6.753,-4.227,-7.446
v,-12.126,-5.631,-3.285,-5.379,-7.878,-5.517,-4.664,-4.48,-3.611,-9.131,-12.126,-4.324,-12.126,-9.487,-5.351,-4.602,-9.487,-5.142,-2.829,-1.682,-5.116,-4.957,-3.607,-6.213,-7.983,-6.1,-10.18,-3.328,-5.88,-3.26,-5.438,-4.608,-8.137,-5.687,-5.768,-6.042,-2.858,-2.915,-7.417,-4.734,-1.802,-7.426,-6.911,-3.665,-1.838,-12.126,-5.424,-7.039,-12.126
vd,-6.295,-6.295,-3.897,-3.523,-6.295,-6.295,-6.295,-6.295,-2.928,-6.295,-6.295,-5.602,-6.295,-6.295,-6.295,-6.295,-6.295,-5.602,-6.295,-4.686,-6.295,-6.295,-6.295,-6.295,-6.295,-6.295,-6.295,-4.909,-6.295,-6.295,-6.295,-6.295,-6.295,-6.295,-6.295,-6.295,-5.197,-5.602,-6.295,-6.295,-0.282,-5.197,-6.295,-5.197,-3.462,-6.295,-6.295,-6.295,-6.295
vg,-7.557,-5.612,-3.48,-6.864,-5.612,-5.478,-4.849,-4.918,-4.19,-7.557,-7.557,-5.36,-7.557,-7.557,-5.255,-3.947,-6.459,-5.948,-3.092,-1.484,-3.55,-5.16,-3.368,-6.459,-7.557,-6.171,-6.864,-3.368,-5.948,-3.48,-5.948,-3.514,-5.948,-5.16,-6.864,-6.171,-4.613,-4.918,-7.557,-4.993,-2.187,-7.557,-5.766,-4.466,-1.296,-7.557,-5.612,-6.171,-7.557
vn,-10.661,-5.089,-5.002,-5.97,-10.661,-6.601,-5.756,-2.989,-3.604,-10.661,-10.661,-3.648,-10.661,-10.661,-6.584,-6.948,-9.968,-6.384,-5.519,-0.991,-5.961,-8.359,-6.998,-10.661,-9.275,-8.715,-10.661,-4.899,-9.562,-6.161,-6.71,-6.9,-9.562,-4.818,-10.661,-10.661,-2.943,-10.661,-9.052,-10.661,-2.766,-8.022,-8.464,-2.54,-1.285,-10.661,-7.403,-8.464,-10.661
w,-12.062,-1.322,-4.125,-4.655,-8.15,-7.529,-4.878,-3.258,-2.834,-8.694,-9.577,-5.286,-12.062,-10.27,-4.981,-4.573,-8.15,-4.98,-3.682,-2.064,-6.361,-3.182,-3.308,-5.171,-6.926,-4.812,-9.228,-3.063,-7.025,-3.128,-5.93,-4.21,-7.731,-6.239,-10.452,-10.963,-4.935,-9.289,-10.452,-10.116,-1.872,-7.785,-6.632,-4.308,-3.316,-12.062,-8.3,-6.724,-12.062
x,-3.892,-3.892,-3.892,-3.892,-3.892,-3.892,-3.892,-3.892,-3.892,-3.892,-3.892,-3.892,-3.892,-3.892,-3.892,-3.892,-3.892,-3.892,-3.892,-3.892,-3.892,-3.892,-3.892,-3.892,-3.892,-3.892,-3.892,-3.892,-3.892,-3.892,-3.892,-3.892,-3.892,-3.892,-3.892,-3.892,-3.892,-3.892,-3.892,-3.892,-3.892,-3.892,-3.892,-3.892,-3.892,-3.892,-3.892,-3.892,-3.892
y,-7.571,-4.275,-7.571,-7.571,-7.571,-7.571,-7.571,-7.571,-6.472,-7.571,-7.571,-6.878,-7.571,-7.571,-7.571,-7.571,-7.571,-7.571,-7.571,-6.185,-7.571,-7.571,-7.571,-7.571,-7.571,-7.571,-7.571,-7.571,-6.878,-6.878,-7.571,-7.571,-6.878,-7.571,-7.571,-7.571,-7.571,-7.571,-7.571,-7.571,-5.962,-7.571,-6.878,-7.571,-0.055,-7.571,-4.798,-7.571,-7.571
z,-7.218,-4.653,-3.635,-7.218,-6.525,-5.609,-6.12,-4.385,-4.82,-7.218,-7.218,-5.426,-7.218,-7.218,-6.525,-7.218,-7.218,-6.12,-3.481,-1.514,-6.12,-6.525,-5.609,-7.218,-7.218,-7.218,-7.218,-4.51,-7.218,-6.525,-5.609,-5.832,-6.525,-5.139,-7.218,-7.218,-1.501,-6.525,-2.787,-7.218,-2.025,-7.218,-5.609,-4.916,-1.646,-7.218,-5.832,-5.272,-7.218
unknown,-3.892,-3.892,-3.892,-3.892,-3.892,-3.892,-3.892,-3.892,-3.892,-3.892,-3.892,-3.892,-3.892,-3.892,-3.892,-3.892,-3.892,-3.892,-3.892,-3.892,-3.892,-3.892,-3.892,-3.892,-3.892,-3.892,-3.892,-3.892,-3.892,-3.892,-3.892,-3.892,-3.892,-3.892,-3.892,-3.892,-3.892,-3.892,-3.892,-3.892,-3.892,-3.892,-3.892,-3.892,-3.892,-3.892,-3.892,-3.892,-3.892
